"twitter_url","query","discover_date","original_url","url_archive_id"
"https://t.co/Pt5NKsQgVk","Wyszyński","2021-09-13","https://www.radiomaryja.pl/kosciol/kosciol-w-zuzeli-gdzie-urodzil-sie-stefan-wyszynski-ustanowiony-diecezjalnym-sanktuarium/","c9561c0fa994f65cc5753f89978d7829"
"https://t.co/3nhXmeWtHk","Wyszyński","2021-09-13","https://krytykapolityczna.pl/kraj/beatyfikacja-wyszynski-prymas-esej-jacek-leociak/#.YT3JCvRIGIc.twitter","ae1da2b28e14c7236b61202a6a317033"
"https://t.co/djzXBiC9ZV","Wyszyński","2021-09-13","https://jp2doc.pl/fr/2021/09/13/wyszynski-le-thomas-becket-polonais/","d258644c45fbbbcab121647bdff5c6b1"
"https://t.co/m0LpFvcX9w","Wyszyński","2021-09-13","https://www.tvp.info/55832551/wyszynski-zemsta-czy-przebaczenie-uroczysta-premiera-filmu-o-kard-stefanie-wyszynskim-i-matce-rozy-czackiej","73269bcc6c1a69738658915db51bf0af"
"https://t.co/4X7rzMxJ2O","Wyszyński","2021-09-13","https://radioszczecin.pl/1,428692,relikwie-kard-wyszynskiego-dla-kosciola-w-kobyla","ab3081f4f26ae4d81ae16d580ef4c5fb"
"https://t.co/O9ta7G9Asf","Wyszyński","2021-09-13","https://www.radiomaryja.pl/multimedia/poczet-wielkich-polakow-bl-kard-stefan-wyszynski/","542c61a47cc0ca79ea14614ee0510d1f"
"https://t.co/azjEk54IsA","Wyszyński","2021-09-13","https://bit.ly/3nprKAt","8cf4ce4e92ef37dce9df7e5084b26f05"
"https://t.co/f5uTZbVd30","Wyszyński","2021-09-13","https://ift.tt/3hJWqsL","6d4d0cf680762502021b3c651a3fb1fe"
"https://t.co/4KpfxyKQ7G","Wyszyński","2021-09-13","https://ift.tt/3931C68","ae70f26522ea23b82d7f233a442e85d2"
"https://t.co/HSFmfZKoUr","Wyszyński","2021-09-13","https://www.vaticannews.va/es/iglesia/news/2021-09/cardenal-wyszynski-madre-czacka-son-beatificados-hoy.html","24ec899a72a765c43201f40c1d098505"
"https://t.co/5mQ0F1XxW3","Wyszyński","2021-09-13","https://tvn24.pl/kultura-i-styl/wyszynski-zemsta-czy-przebaczenie-prezydent-andrzej-duda-na-premierze-filmu-o-kardynale-stefanie-wyszynskim-5410790","e95b1eaa1e4ad1d660d51729a09fdf34"
"https://t.co/MSX8fHmOnc","Wyszyński","2021-09-13","https://youtu.be/fQKggMxbjXY","fb384c063d8f1bbc2e9ae617bb6a762f"
"https://t.co/tHfHpIaRHs","Wyszyński","2021-09-13","https://www.catholicnewsagency.com/amp/news/248957/cardinal-wyszynski-and-mother-czacka-beatified-in-poland","a39aadcf34d28621d47d5dd8d06f5f3e"
"https://t.co/rIu9x7MOzM","Wyszyński","2021-09-13","https://wiadomosci.onet.pl/kraj/kard-stefan-wyszynski-byl-wieziony-przez-trzy-lata-wyszedl-z-tego-wzmocniony/9dl9jjr","f947e6db1d2d460b31c6e3da992e9dd2"
"https://t.co/XBlMdoZBA9","Wyszyński","2021-09-13","https://youtu.be/Z0JPtnERnKc","b013255802192710b3ec01c545c04af7"
"https://t.co/Rp8Lw4A00F","Wyszyński","2021-09-13","https://www.onet.pl/informacje/onetwiadomosci/kard-stefan-wyszynski-listy-prymasa-i-papieza-jana-pawla-ii/542rk30,79cfc278","19600c2d7813a0c3526b5450bf8bc713"
"https://t.co/elwAa96aXC","Wyszyński","2021-09-13","https://niezalezna.pl/","2714a11c583575ac06f918d5be6052c4"
"https://t.co/zVktsVOf1x","Wyszyński","2021-09-13","https://www.tysol.pl/a71583-NASZA-FOTORELACJA-Kard-Stefan-Wyszynski-i-Matka-Elzbieta-Czacka-ogloszeni","01fef1be4d3da84be59af7553aa45411"
"https://t.co/ncF6VDkJbh","Wyszyński","2021-09-13","https://youtu.be/aYFtlI6-HYc","4a384a5046428b124222288df9596f49"
"https://t.co/fDNZEnBVjn","Wyszyński","2021-09-13","https://dorzeczy.pl/historia/199689/kardynal-stefan-wyszynski-zyciorys-ktorym-mozna-obdzielic-wiele-osob.html","259331eafbf2163afbc1e68a54bc2f46"
"https://t.co/uxDlXdz2SE","Wyszyński","2021-09-13","https://www.religionenlibertad.com/blog/810025601/Beato-Wyszynski-ruega-desde-el-Cielo-por-el-fin-del-comunismo.html","99cef7060f1aaa55c106b33ae3628b1e"
"https://t.co/gQcuij6AGc","Wyszyński","2021-09-13","https://www.religionenlibertad.com/blog/809346089/Deo-gratias-Stefan-Wyszyski-ya-ha-sido-beatificado.html","49ea132e8f5283449556fecd683d9ad1"
"https://t.co/6KqzrVFWIB","Wyszyński","2021-09-13","https://wiadomosci.onet.pl/religia/aktualnosci/kard-wyszynski-a-zydzi-sprzeciw-wobec-antysemityzmu/9qhd6f2","747812cfdb2313d54584f243fd4473cb"
"https://t.co/4tGyd6ny5q","Wyszyński","2021-09-13","https://www.radiomaryja.pl/kosciol/ks-kard-s-wyszynski-musicie-byc-jak-orly/","d31533f944d2572e4171eb2903760fec"
"https://t.co/bdq5gAvce6","Wyszyński","2021-09-13","https://youtu.be/lg9UHHnKvSc","c7469b863130ae8084b06778773f948a"
"https://t.co/tzqhmCOvCF","Wyszyński","2021-09-13","https://wiadomosci.onet.pl/religia/aktualnosci/kard-wyszynski-a-zydzi-sprzeciw-wobec-antysemityzmu/9qhd6f2?utm_source=t.co_viasg_wiadomosci&utm_medium=social&utm_campaign=leo_automatic&srcc=ucs&utm_v=2","8ccf8d76b7d661e78896cfee65d2d147"
"https://t.co/XpuoF5f7pd","Wyszyński","2021-09-13","https://www.ekai.pl/dzis-narodowy-dzien-zycia-kard-wyszynski-w-obronie-dzieci-poczetych/","e5ffc4dcb3f9b85db5c5cb760e175f27"
"https://t.co/1scZSiEZMv","Wyszyński","2021-09-13","https://www.radiomaryja.pl/?p=2828426","c61ac0ce20c0a3e8612b196ede50a041"
"https://t.co/EeS91QDNpG","Wyszyński","2021-09-13","https://www.radiomaryja.pl/?p=2828356","cc769c0e7ca046beb087d472a96f189d"
"https://t.co/SswSvpOPNQ","Wyszyński","2021-09-13","https://krytykapolityczna.pl/kraj/beatyfikacja-wyszynski-prymas-esej-jacek-leociak/?utm_medium=Social&utm_source=Facebook#Echobox=1631443607","cca2cd8f42d90eb6220638c55545ec04"
"https://t.co/Wcxy1GXOBF","Wyszyński","2021-09-13","https://youtu.be/h8f5U8vWIV4","6fed4e8cd2a1bcf195d8792a7312e559"
"https://t.co/CtK8NShwuO","Wyszyński","2021-09-13","https://www.polskieradio24.pl/39/156/Artykul/2782877,Stefan-Wyszynski-kapelan-w-Powstaniu-Warszawskim-Posluchaj-wspomnien","18639c245658e5b2d7f37c4a91a9064a"
"https://t.co/wAKfDzjBsc","Wyszyński","2021-09-13","https://www.radiomaryja.pl/informacje/prezydent-a-duda-prymas-stefan-wyszynski-dawal-swiadectwo-tego-jacy-jestesmy-my-polacy/","d3bdcc78d5f3d41603a80962e9483258"
"https://t.co/GUUmIYqvhE","Wyszyński","2021-09-13","https://www.radiomaryja.pl/kosciol/ks-abp-s-gadecki-wnioskiem-z-beatyfikacji-ks-kard-wyszynskiego-powinno-byc-odrodzenie-wiary/","28649c91695ce00500ad9fb6865ed466"
"https://t.co/IiQut3ipBe","Wyszyński","2021-09-13","https://www.tvp.info/55822375/beatyfikacja-prezydent-andrzej-duda-kard-stefan-wyszynski-jest-symbolem-zwyciestwa","63dc61a14dfbf9e6a0a9e4a89c66e710"
"https://t.co/JXcrvOYGxl","Wyszyński","2021-09-13","https://youtu.be/PGCvmymnY2c","232b25c414acc2b92150b794ae0e555e"
"https://t.co/4zG1nBFW7O","Wyszyński","2021-09-13","https://warszawa.wyborcza.pl/warszawa/7,54420,27561304,msza-beatyfikacyjna-kard-stefana-wyszynskiego-na-wilanowie.html","ad62bf2508533ae16f9d13077fdafc9f"
"https://t.co/0Yj9e2EhSu","Wyszyński","2021-09-13","https://www.onet.pl/informacje/kai/czego-oczekujemy-po-beatyfikacji/p45cdd2,30bc1058","2725885675c9d1fc608f76177f3c4545"
"https://t.co/gkLuEvmg6U","Wyszyński","2021-09-13","https://www.polskieradio24.pl/5/1222/Artykul/2805890,Kosciol-w-Zuzeli-diecezjalnym-sanktuarium-To-w-tej-miejscowosci-urodzil-sie-kard-Wyszynski","0b3de3684e0594f04c441e3caed6d8a2"
"https://t.co/nhqAW4Bvlv","Wyszyński","2021-09-13","https://dorzeczy.pl/199809","25affd8875ef7f3045c9cfb68550a496"
"https://t.co/YSSur6AdLl","Wyszyński","2021-09-13","https://www.rmf24.pl/fakty/polska/news-kim-byl-stefan-wyszynski-postac-na-ktora-trzeba-spojrzec-w-j,nId,5477702#crp_state=1","f9e8c85cd883ecf44b945e49cb3cdffb"
"https://t.co/ZYLjBednnY","Wyszyński","2021-09-13","https://buff.ly/3lgzUs7","35d8a3e7cd5e779b8f20db5255197160"
"https://t.co/Xyd7cVh207","Wyszyński","2021-09-13","https://dlvr.it/S7PyV3","fe9a20d8436ecd219899f52718ed65d7"
"https://t.co/O4rSvOF6UD","Wyszyński","2021-09-13","https://www.salon24.pl/u/salonowcy/1165009,wyszynski-i-jedraszewski-skrajnie-rozne-narracje-dialogu-z-mlodym-pokoleniem-polakow","df9bdbc79fac20a5b11db03bdf854227"
"https://t.co/Zs4kfC6pjT","Wyszyński","2021-09-13","https://wyborcza.pl/alehistoria/7,121681,27370186,prymas-stefan-wyszynski-ani-jan-chrzciciel-ani-swiety.html","8eb4f9fec4c0f30ce217a6549d7da683"
"https://t.co/delcugBxlz","Wyszyński","2021-09-13","https://fiat.fm/info/kardynal-stefan-wyszynski-i-matka-elzbieta-roza-czacka-zostali-ogloszeni-blogoslawionymi/","c6c6a6a8aab54dc8a91dd22693daffeb"
"https://t.co/k5oJhX0cYu","Wyszyński","2021-09-13","https://www.acistampa.com/story/polonia-in-festa-beatificati-il-cardinale-wyszynski-e-madre-elisabetta-roza-czacka-17985#.YT4zViR-nIc.twitter","169d3706bf0b193b437d79b45d487f94"
"https://t.co/MQT25nRQWo","Wyszyński","2021-09-13","https://krytykapolityczna.pl/kraj/beatyfikacja-wyszynski-prymas-esej-jacek-leociak/","aaafa8b5f420220bc2cb2d05d4bb9483"
"https://t.co/Q2w4GY37Tt","Wyszyński","2021-09-13","https://dlvr.it/S7QpWk","b133d84f630c2e438787c2869b6e6eb3"
"https://t.co/F41i1E1xBo","Wyszyński","2021-09-13","https://youtu.be/rRrn3ErlW1s","7004a96fc35a90f3f144064f6ea66012"
"https://t.co/OpyR9CWMFM","Wyszyński","2021-09-13","https://wiez.pl/2021/09/12/kard-stefan-wyszynski-i-m-elzbieta-czacka-ogloszeni-blogoslawionymi/","c92b69af38b946206c830fe9d7f5e719"
"https://t.co/QeNjhVABZ7","Wyszyński","2021-09-13","https://brandsit.pl/prymas-kard-wyszynski-i-matka-czacka-to-blogoslawieni-i-swieci-czasow-trudnych/","4d56fe6487b932f26e95ded2037d817c"
"https://t.co/idRW2RrIzy","Wyszyński","2021-09-13","https://wiadomosci.com/prymas-kard-wyszynski-i-matka-czacka-to-blogoslawieni-i-swieci-czasow-trudnych/","cb8f4eb8d4c83aa13168557e440d6d11"
"https://t.co/lrkTYcWVOe","Wyszyński","2021-09-13","https://www.tvp.info/55823959/kosciol-ma-nowych-blogoslawionych-kard-stefan-wyszynski-i-matka-elzbieta-czacka-ich-wspomnienia-wypadaja-kolejno-28-i-19-maja-list-papieza-franciszka","c9375b0b8aa669974430900078d11303"
"https://t.co/QFQORnRZIe","Wyszyński","2021-09-13","https://m.fronda.pl/a/czy-ks-wyszynski-popieral-hitlera,85965.html","03c0d7ea6a7a70ac10abf75456476084"
"https://t.co/A9u7nKIw9n","Wyszyński","2021-09-13","https://tertuliaabierta.wordpress.com/2021/09/12/beato-stefan-wyszynski-fe-grande-corazon-agradecido/","fdec44b786bf16f12b8c936580a326b7"
"https://t.co/M5ZkWjDfPk","Wyszyński","2021-09-13","https://youtu.be/S1bdn41Z2UE","65add51bece8db4f4d42f7c3cb49e10e"
"https://t.co/xqRIkevfaN","Wyszyński","2021-09-13","https://wydarzenia.interia.pl/polska/news-kardynal-stefan-wyszynski-i-matka-elzbieta-roza-czacka-oglos,nId,5477763","09571b1ad99a33929e526b229a830a2f"
"https://t.co/vftdDVkuCY","Wyszyński","2021-09-13","https://przystanekhistoria.pl/pa2/tematy/stefan-wyszynski/86092,Ostatnie-lata-dzialalnosci-Prymasa-Wyszynskiego.html?fbclid=IwAR3_1Bjgv807IyQUQqqYzYh6e7gRwvvORxJQru6Hba7lqBWY_FedpDtGF8Q","2cf53ef25b2a4bbf3ff234c7da3bc681"
"https://t.co/xv9KZWtZ2c","Wyszyński","2021-09-13","https://www.tvp.info/55821358/beatyfikacja-kard-stefana-wyszynskiego-prymasa-tysiaclecia-kim-byl-sylwetka","259b8c5c6e575b5e5056a74b3e6af39e"
"https://t.co/wU5Pi885Px","Wyszyński","2021-09-13","https://www.youtube.com/watch?v=UCntgics1rE","30a48bb65c30bdb876ab2e7a70092a02"
"https://t.co/GzQUJZmia9","Wyszyński","2021-09-13","https://tvrepublika.pl/Studio-prasowe-Grzybowski-Wyszynski-to-wielki-obronca-zycia,127095.html","14aaa880a1e891037eeadac48ef6ae9d"
"https://t.co/h9ahvjJ917","Wyszyński","2021-09-13","https://www.acistampa.com/story/polonia-in-festa-beatificati-il-cardinale-wyszynski-e-madre-elisabetta-roza-czacka-17985#.YT4aTS1Gl7k.twitter","5f9961afedb879ef2b649010292b3770"
"https://t.co/G2XxgaAdEb","Wyszyński","2021-09-13","https://studioopinii.pl/archiwa/207481","405f0286a4fd796f3dd041d313f7dce9"
"https://t.co/hxQWeqQIJT","Wyszyński","2021-09-13","https://www.fronda.pl/a/czy-ks-wyszynski-popieral-hitlera,85965.html","1a4c4657d65f03e815fe571d599a3477"
"https://t.co/3sQ6wPw86m","Wyszyński","2021-09-13","https://oko.press/ksiadz-jankowski-pedofil/","9cb1ddbb0751377e75fa233b49c3c3df"
"https://t.co/NtSA0NjkZQ","Wyszyński","2021-09-13","https://www.google.pl/amp/s/wiadomosci.onet.pl/religia/aktualnosci/kard-wyszynski-a-zydzi-sprzeciw-wobec-antysemityzmu/9qhd6f2.amp","b95801a10ed3f0bcfd2fd205b7b0f326"
"https://t.co/GrRdeyHF2j","Wyszyński","2021-09-13","https://www.instagram.com/p/CTuYaYyN52X/?utm_medium=twitter","ec687c96997f5cf5b0e957bb1a2943bc"
"https://t.co/U0ENOs2tFI","Wyszyński","2021-09-13","https://www.wykop.pl/wpis/29864517/kardynal-wyszynski-o-hitlerze-oto-kilka-zlotych-my/","9a808c85472fd0ae65184f9ad4e3506b"
"https://t.co/WnDSuBsBGc","Wyszyński","2021-09-13","https://www.tysol.pl/a71590-Tylko-u-nas-Aleksandra-Jakubiak-Tedy-droga#.YT4KzCbVbJo.twitter","4140f216e61cee184e18199971bd79a8"
"https://t.co/iU7w1hKwZ9","Wyszyński","2021-09-13","https://kresy.pl/?p=761835","e9415efadf81e024eebb9de989007cc6"
"https://t.co/rpttRM9KX1","Wyszyński","2021-09-13","https://www.polska-ie.com/beatyfikacja-prymasa-tysiaclecia-prof-wieslaw-jan-wysocki-kardynal-wyszynski-poprowadzil-kraj-ku-wolnosci/","0ff14ab88627e796f6b7068b9c88a778"
"https://t.co/djrIt9vtB2","Wyszyński","2021-09-13","https://wyborcza.pl/alehistoria/7,121681,27126725,stanislaw-obirek-nie-pisze-o-stefanie-wyszynskim-prymas.html","3f8ccdb51ba483c3c17431e0603399f8"
"https://t.co/Rn9UorBhn9","Wyszyński","2021-09-13","https://londynek.net/u/?i=w79849","c14b2cdfd93e9ca3501bab641f50aa50"
"https://t.co/rjqkAq681V","Wyszyński","2021-09-13","https://www.kath.ch/newsd/polens-ex-primas-wyszynski-seliggesprochen/","28295f73cc2bc91a42c2e45406993916"
"https://t.co/aHgM3Cli3o","Wyszyński","2021-09-13","https://www.ekai.pl/kard-wyszynski-matka-czacka-zyciorysy-procesy-beatyfikacyjne-relikwie/","e7a9b6c4f837859e265adcb8cd8bfe42"
"https://t.co/IYGBFCLAWG","Wyszyński","2021-09-13","https://www.ekai.pl/kard-stefan-wyszynski-i-matka-elzbieta-czacka-ogloszeni-blogoslawionymi/","08e3b5a63e82f890483afc52712c64b2"
"https://t.co/LqTDIthhkU","Wyszyński","2021-09-13","https://www.niedziela.pl/artykul/71981/Kard-Stefan-Wyszynski-i-matka-Elzbieta","6137ca34ed655278e1d6070813fe24e5"
"https://t.co/uijFOQDnKN","Wyszyński","2021-09-13","https://info.wiara.pl/doc/7098778.Kardynal-Wyszynski-w-liscie-do-Doktor-Blenskiej","a758a75648c62ba87d0bcabc3b727a00"
"https://t.co/VH3C1GCIUf","Wyszyński","2021-09-13","https://feedproxy.google.com/~r/acistampa/notizie/~3/D8T7QlIJ30A/polonia-in-festa-beatificati-il-cardinale-wyszynski-e-madre-elisabetta-roza-czacka-17985","8554e8692df2b3c117ded3eff74b9bd5"
"https://t.co/X4baG5Mxc4","Wyszyński","2021-09-13","https://warszawa.wyborcza.pl/warszawa/7,54420,27561729.html","3033cfb408c868eef9d8a2976769ec85"
"https://t.co/ZHSqykiJRb","Wyszyński","2021-09-13","https://www.google.com/amp/s/politykapolska.eu/2018/09/22/kard-stefan-wyszynski-xv-prawdziwy-patriotyzm/amp/","2fdae119e417ea16a738cad42b3566e7"
"https://t.co/U3k5kLjOLy","Wyszyński","2021-09-13","https://www.catholicregister.org/faith/item/33471-profiles-in-courage-and-faith-mother-roza-czacka-cardinal-stefan-wyszynski","50d05f004dd0cba52c34c383a961ebf8"
"https://t.co/lSNtVWWEEk","Wyszyński","2021-09-13","https://dlvr.it/S7Q7r8","aa592d6da4992ebbc94e677438d9af73"
"https://t.co/dMfBp2wwpI","Wyszyński","2021-09-13","https://tdpelmedia.com/cardinal-wyszynski-and-mother-czacka-beatified-in-poland","aed4d611f561bab6da1b979f5a3d1ef7"
"https://t.co/pqlKxYVjP5","Wyszyński","2021-09-13","https://radioszczecin.pl/1,428676,prymas-szczecinski-nowym-blogoslawionym-slowa-sa","7d10229800ce3dc7bee5c88fa6b6edfe"
"https://t.co/UPyTKKHGQE","Wyszyński","2021-09-13","https://czytam.pl/k,ks_868020,Kocham-Ojczyzne-wiecej-niz-wlasne-serce-Blogoslawiony-Stefan-Wyszynski.html","97456c787bf4ef5293d504303dfb54be"
"https://t.co/fd0LgYBVOK","Wyszyński","2021-09-13","https://dorzeczy.pl/religia/199763/ks-bp-bronakowski-trzeba-sie-wspolnie-zastanawiac-nad-losem-narodu.html","78b569d964e40193ab17da92fd6ee2be"
"https://t.co/esY9gS6LdE","Wyszyński","2021-09-13","https://fotoforum.gazeta.pl/zdjecie/3041703,2,4,Pasztecik-z-Wyszynskiego.html","6c30d3cc2479f8ab448ca4a97e33c10c"
"https://t.co/l0toC0unCZ","Wyszyński","2021-09-13","https://przystanekhistoria.pl/pa2/teksty/86129,Jan-Pawel-II-i-Prymas-Wyszynski.html","22f97b98c1b6f64008b5ba5701c1f712"
"https://t.co/VStATInnai","Wyszyński","2021-09-13","https://dorzeczy.pl/religia/199751/homilia-dopelnienie-historycznego-spotkania.html","e33d94d7f9d2695d0a890a306d3f97ba"
"https://t.co/D35foI6eN3","Wyszyński","2021-09-13","https://www.radiomaryja.pl/multimedia/msza-sw-beatyfikacyjna-kard-stefana-wyszynskiego-i-matki-elzbiety-czackiej-3/","6443c92c7cdaa1215c2c89062a6f499c"
"https://t.co/zskmNPmzd7","Wyszyński","2021-09-13","https://www.facebook.com/osrodek.monitorowania/posts/1429023870606075/","32918115b892c6253ac15f310069267e"
"https://t.co/mk8krqbv5h","Wyszyński","2021-09-13","https://cejsh.icm.edu.pl/cejsh/element/bwmeta1.element.mhp-e485389e-5cae-434b-9bd3-04db916f1759","a7d189d58e0f7362147d475b8dea3630"
"https://t.co/7rrbWSu0Ql","Wyszyński","2021-09-13","https://www.stefczyk.info/2021/09/12/kardynal-stefan-wyszynski-prymas-tysiaclecia-wybitny-przywodca-duchowy-a-takze-maz-stanu/?fbclid=IwAR0ePQQNVaARcEkd2UjHs_iC08mP49xWDmlKaLcQRIivCXHqIO-c9AZY_s8","d65477fecb55ebb694586d2bc3d7ebb1"
"https://t.co/9Mq40SltnE","Wyszyński","2021-09-13","https://brandsit.pl/kard-semeraro-kard-wyszynski-i-matka-czacka-przekazali-swiadectwo-zycia-wiernego-ewangelii-za-wszelka-cene/","80898961f13ba4a8b0b91e73394b18bb"
"https://t.co/P5QNOFKow5","Wyszyński","2021-09-13","https://wiadomosci.onet.pl/religia/aktualnosci/kard-wyszynski-a-zydzi-sprzeciw-wobec-antysemityzmu/9qhd6f2.amp?__twitter_impression=true","2218778e4a338d8ba8a1f2bc93037432"
"https://t.co/lmntiooYcG","Wyszyński","2021-09-13","https://www.tysol.pl/a71581-Papiez-wlaczyl-do-grona-blogoslawionych-kard-Stefana-Wyszynskiego-i-Matke-Elzbiete-Czacka#.YT3e1AA7Twk.twitter","57feab76f8c3e4bcba9b337620dc6163"
"https://t.co/Q0D1UZ8SaN","Wyszyński","2021-09-13","https://dzieje.pl/dziedzictwo-kulturowe/e-czaczkowska-kard-wyszynski-w-marcu-68-potepil-antysemityzm","f65f2c46c60bd1c9d11c459cc7fd8c37"
"https://t.co/u8YJw3R8Jq","Wyszyński","2021-09-13","https://www.google.com/amp/s/wiadomosci.onet.pl/religia/aktualnosci/kard-wyszynski-a-zydzi-sprzeciw-wobec-antysemityzmu/9qhd6f2.amp","dccfb5db8d207f313fe06776559eda6e"
"https://t.co/anVnIyAhhk","Wyszyński","2021-09-13","https://stacja7.pl/z-kraju/beatyfikacja-matki-czackiej-i-kard-wyszynskiego-relacja-na-zywo/","4db474f4a5872ddb5be567d1d077a3ab"
"https://t.co/BOm5oWl2LU","Wyszyński","2021-09-13","https://www.salon24.pl/newsroom/1164896,ks-isakowicz-zaleski-kardynal-wyszynski-jest-wyrzutem-sumienia-dla-ksiezy-biskupow","aa6fc76e4fe2767df4b7cb940076e58b"
"https://t.co/gXamj3khNY","Wyszyński","2021-09-13","https://www.fronda.pl/a/czy-ks-wyszynski-popieral-hitlera,85965.html?fbclid=IwAR3zV09VG0RzxQk6MJNIfUc0J-9ytg9NqqygQO1d3COUY98gfm_WOWnhhZc","9421f2a2a80461a300f898e8579e6f27"
"https://t.co/5NlPP4EUoc","Wyszyński","2021-09-13","https://wnet.fm/2021/09/12/prof-grzegorz-kucharczyk-prymas-byl-zupelnie-odporny-na-jakiekolwiek-uleganie-herezji-wspolczesniactwa/","7815a42b09b5400f1dbca742398ef9e4"
"https://t.co/4Xb5uZd4YV","Wyszyński","2021-09-13","https://wiadomosci.dziennik.pl/wydarzenia/artykuly/8242333,kard-stefan-wyszynski.html?utm_source=dlvr.it&utm_medium=twitter","708642079a7fbe4e8232f4c4e365bcef"
"https://t.co/hchjzLKWfv","Wyszyński","2021-09-13","https://www.tysol.pl/a71568-W-drodze-do-Budapesztu-Papiez-ucalowal-zdjecie-prymasa-Wyszynskiego#.YT2vzeXktdo.twitter","46c22a33f3530d14c856f7c358f503e4"
"https://t.co/oDqTumHO4S","Wyszyński","2021-09-13","https://tv-trwam.pl/na-zywo","64aa84242dcea4db20d7f98498ac56ad"
"https://t.co/SjuGME3s2f","Wyszyński","2021-09-13","https://www.tysol.pl/a71573-relacja-online-Beatyfikacja-kard-Wyszynskiego-i-Matki-Czackiej#.YT3PTa45hnc.twitter","6553f7bb4f0cb6743c91c85e05a20f4a"
"https://t.co/J0On1U7DmD","Wyszyński","2021-09-13","https://wyborcza.pl/alehistoria/7,121681,27210177,prymas-stefan-wyszynski-byl-niezalezny-duchowo-od-moznych-tego.html","4fbc199df4b73e7150357c5772d7ff24"
"https://t.co/B7zdH9HetA","Wyszyński","2021-09-13","https://radioszczecin.pl/1,428671,z-calego-serca-go-kochamy-i-dziekujemy-ze-byl-z-","2d0936ea0f71cae03c2eefd4d6a728cf"
"https://t.co/v6uJvBkFHj","Wyszyński","2021-09-13","https://pl.wikipedia.org/wiki/Stefan_Wyszy%C5%84ski","38eac6b697d061eb95c9f811f465df8b"
"https://t.co/w7TMlVQgqZ","Wyszyński","2021-09-13","https://www.radiomaryja.pl/kosciol/ks-kard-k-nycz-o-niedzielnej-beatyfikacji-stefan-wyszynski-i-roza-czacka-sluzyli-ludziom/","33d790c173df7dbad2fd355096e8c13b"
"https://t.co/9ClZ4LO5hS","Wyszyński","2021-09-13","https://polskieradio24.pl/5/1222/Artykul/2803053,Zawsze-myslal-o-innych-Prymas-Stefan-Wyszynski-we-wspomnieniach","f7c1f37350b06af2542293aae8ee301d"
"https://t.co/zEP1wpc8ft","Wyszyński","2021-09-13","https://wiadomosci.onet.pl/religia/aktualnosci/kard-wyszynski-a-zydzi-sprzeciw-wobec-antysemityzmu/9qhd6f2.amp","317d5320b37efb8524680736b27553ee"
"https://t.co/SzPSCDNrQa","Wyszyński","2021-09-13","https://www.polsatnews.pl/wiadomosc/2021-09-12/w-niedziele-beatyfikacja-kardynala-stefana-wyszynskiego-i-matki-elzbiety-czackiej/?ref=slider","c3790be2eeb4e0eb11c0960e3a7c7f40"
"https://t.co/EGUSBXodMa","Wyszyński","2021-09-13","https://www.polsatnews.pl/wiadomosc/2021-09-12/w-niedziele-beatyfikacja-kardynala-stefana-wyszynskiego-i-matki-elzbiety-czackiej/","4070fa3add0e3e037161f9e9c208c292"
"https://t.co/FZodgc5huR","Wyszyński","2021-09-13","https://youtu.be/ydry0GH8HWU","365c1dec89773d26a21b27c47c8727d0"
"https://t.co/t3rf5XcffK","Wyszyński","2021-09-13","https://opoka.news/kard-stefan-wyszynski-i-m-elzbieta-czacka-blogoslawionymi-kosciola-katolickiego","cf87e2d1929446258bfaf2ddbd2b7202"
"https://t.co/qbDuFfQ114","Wyszyński","2021-09-13","https://www.tysol.pl/a71568-W-drodze-do-Budapesztu-Papiez-ucalowal-zdjecie-prymasa-Wyszynskiego#.YT2t0g17WQ0.twitter","b6997c20532d2b876a54aa7494671a13"
"https://t.co/93qqcmR6eP","Wyszyński","2021-09-13","https://www.ekai.pl/kard-stefan-wyszynski-prymas-polski/","37dbb33b2371d3df6beb1c61eed39fd8"
"https://t.co/5Bc5N3z3RC","Wyszyński","2021-09-13","https://www.tysol.pl/a71573-relacja-online-Beatyfikacja-kard-Wyszynskiego-i-Matki-Czackiej#.YT3O-TCZnMo.twitter","3c6f3bc1ddc471cb5562c431139699a4"
"https://t.co/d6nbERQ3ft","Wyszyński","2021-09-13","https://youtu.be/43tA5mI2-wE","7e5d7c56d3733f6550ebf31b776c6bf8"
"https://t.co/h9EgM5xwb1","Wyszyński","2021-09-13","https://brandsit.pl/prezydent-prymas-stefan-wyszynski-dawal-swiadectwo-tego-jacy-jestesmy-my-polacy/","fd71ee8b40921d8348a2e53ce01adacf"
"https://t.co/GoX2wgkJsi","Wyszyński","2021-09-13","https://dlvr.it/S7Pwy4","69db59d1780e69b6b5cf002d789c7222"
"https://t.co/sLauFnlWzi","Wyszyński","2021-09-13","https://niezalezna.pl/410932-bronil-nienarodzonych-umial-przebaczac-wrogom-kim-byl-kard-stefan-wyszynski","7474c03bd15afc6a922cb7742c1cca2b"
"https://t.co/jUd2D2YZUQ","Wyszyński","2021-09-13","https://youtu.be/za_Qtk1Jv4w","6825f602abd14dca2221f3b0af37244a"
"https://t.co/jsY7djkZd5","Wyszyński","2021-09-13","https://dorzeczy.pl/religia/199681/beatyfikacja-kard-wyszynskiego-abp-polak-byl-mezem-stanu.html","124c3bc0e298ea3e9595a40714139d15"
"https://t.co/hXiR5gmrvd","Wyszyński","2021-09-13","https://www.polskieradio24.pl/5/1222/Artykul/2805649,Beatyfikacja-matki-Czackiej-Wieniec-od-prezydenta-zlozony-przed-miejscem-jej-spoczynku","7f3ed2fdf7562a9cbeec23226ca3d246"
"https://t.co/YfkuhyRjxU","Wyszyński","2021-09-13","https://dlvr.it/S7Pvwt","4d75a43872fd41afb6e159c85d2f6679"
"https://t.co/P16mQweioo","Wyszyński","2021-09-13","https://wiadomosci.onet.pl/religia/ludzie-boga/stefan-wyszynski-prymas-tysiaclecia/7ch82eg?utm_source=tw_wiadomosci&utm_medium=social&utm_campaign=onetsg_fb","d915a5a66e03a41055d842cb22074bfa"
"https://t.co/ZTJxEu7YtN","Wyszyński","2021-09-13","https://radioszczecin.pl/1,428661,beatyfikacja-kardynala-stefana-wyszynskiego-i-ma","7737eb8f5d2cacd9fcacaf0a1c047596"
"https://t.co/Nvjh74jONt","Wyszyński","2021-09-13","https://www.youtube.com/watch?v=GdUggxku7cg","dc2f81cc22062b1482e4dbbc55a9360b"
"https://t.co/PfCw9lDsjD","Wyszyński","2021-09-13","https://youtu.be/Rrzghf8NBcY","b61bc25687c2fa489c2e28626c0bbaf3"
"https://t.co/ruvVYVFf8t","Wyszyński","2021-09-13","https://www.rmf24.pl/fakty/polska/news-zuzela-to-tam-urodzil-sie-stefan-wyszynski-zdjecia-i-filmy,nId,5477697#crp_state=1","3f5f5a48e3ff4cc747f7a4b61a60134e"
"https://t.co/2XQPzvrkZB","Wyszyński","2021-09-13","https://ift.tt/3CiHbyP","eddbebda359a059108f197ee3f6fd429"
"https://t.co/VStvRXZeCe","Wyszyński","2021-09-13","https://www.polskieradio24.pl/5/1222/Artykul/2794134,Az-ziemia-drzala-65-lat-temu-Wyszynski-ze-swoja-osemka-spektakularnie-przechytrzyl-komunistow","1c2c2021310feb1ea0a88c428172bc72"
"https://t.co/ecFQwcvBGR","Wyszyński","2021-09-13","https://dorzeczy.pl/197724","fb6910b5c2b0cc2471fc9be166a369bb"
"https://t.co/kMkQRP2MS3","Wyszyński","2021-09-13","https://forsal.pl/gospodarka/polityka/artykuly/8242303,niemcy-w-sondazu-przedwyborczym-prowadzi-scholz-z-48-proc-poparcia.html","53cf60e5e53e695378d0c66d1c84bfb4"
"https://t.co/wBPzQNTRco","Wyszyński","2021-09-13","https://dlvr.it/RK4Shk","dd4e40195b3eb89da97521dfb401324c"
"https://t.co/9MHi24npQY","Wyszyński","2021-09-13","https://polandin.com/55815133/special-chalice-to-be-used-for-cardinal-wyszynskis-beatification-ceremony","84cc3c88d0e9019711e0fdf439270740"
"https://t.co/SvFNZL8PSy","Wyszyński","2021-09-13","https://www.fakt.pl/wydarzenia/polska/warszawa/stefan-wyszynski-beatyfikacja-grafik-uroczystosci-i-wydarzen-towarzyszacych/3khn847","7854c75d476aee82f32d1cd2fef830c4"
"https://t.co/LINFnUTW5m","Wyszyński","2021-09-13","https://www.salon24.pl/newsroom/1164009,wyszynski-antykapitalista","ea101a968ee2b39b45f73870aa719944"
"https://t.co/RtoRVrYvCm","Wyszyński","2021-09-13","https://opoka.news/kardynal-wyszynski-obronca-kosciola-narodu-i-tradycji","ecbbdb72a279d0fc46da586ac9ca36d6"
"https://t.co/CG4t7K4APF","Wyszyński","2021-09-13","https://www.niedziela.pl/artykul/71844/Specjalny-dodatek-%E2%80%9ENiedzieli-na","77eaea2940d83cf75c99c8feab345d0d"
"https://t.co/ezwXU2tOYL","Wyszyński","2021-09-13","https://polishnews.co.uk/cardinal-stefan-wyszynski-mother-elzbieta-roza-czacka-beatification-holy-mass-and-celebrations/","3c6460ef71c82e738500cc60f8b4e8b9"
"https://t.co/B6PQfze2bv","Wyszyński","2021-09-13","https://www.tvp.info/55783384/wyszynski-zemsta-czy-przebaczenie-w-kinach-od-17-wrzesnia","5d486f0ce31f06cd8bce67c2b3dbdc42"
"https://t.co/t6W852A140","Wyszyński","2021-09-13","https://wyszynski.polskieradio.pl/","4cb0cab936a47685d53d52be19c01418"
"https://t.co/7TR7faeQMg","Wyszyński","2021-09-13","https://strzelnomojemiasto.blogspot.com/2020/02/prymas-tysiaclecia-kardyna-stefan.html?spref=tw","ec3d8f11090278b1da00e5c89a7e29f8"
"https://t.co/ioqVbRiWgH","Wyszyński","2021-09-13","https://dlvr.it/S7PWJC","4ce4e8dd836f29f7bd6338ff030fcecb"
"https://t.co/7lXjtSuRUe","Wyszyński","2021-09-13","https://muzhp.pl/pl/c/2505/stefan-wyszynski-byl-przede-wszystkim-nauczycielem-mezem-stanu-zostal-z-koniecznosci","89c5f9014c7602c9c30fc3ca1cf71ca2"
"https://t.co/3bxm73x47e","Wyszyński","2021-09-13","https://www.polskieradio24.pl/5/1222/Artykul/2803515,Prawo-do-zycia-uwazal-za-prawo-najwyzsze-Prymas-Wyszynski-w-obronie-dzieci-nienarodzonych","ba3cfbedd39a0c415345fac648e28eea"
"https://t.co/JfSuWrH3Xw","Wyszyński","2021-09-13","https://niezalezna.pl/410906-rola-kosciola-w-walce-z-totalitaryzmem-kolodziej-kardynal-wyszynski-byl-nieustepliwy-wobec-komunizmu","9db417bc05284f93fbce576174481719"
"https://t.co/uYLX25A0gB","Wyszyński","2021-09-13","https://dorzeczy.pl/kraj/199632/w-niedziele-beatyfikacja-kard-wyszynskiego-znamy-szczegoly.html","bafa9bf2e781a227ca312c71a9fb87d4"
"https://t.co/ky8THbBaZU","Wyszyński","2021-09-13","https://pl.aleteia.org/2021/09/11/jest-wielki-piatek-a-mezczyzni-w-knajpie-bp-wyszynski-wchodzi-i-zadaje-im-pytanie/","343831d06b60e8f609e8e799e5d12be4"
"https://t.co/I6Dh7dYIPr","Wyszyński","2021-09-13","https://ift.tt/3CinQxJ","2e897c5e502dff60cc1234e6caf0d36b"
"https://t.co/enRJoTvogp","Wyszyński","2021-09-13","https://youtu.be/22ehXuYAFaQ","711cd6637bbef9f3d53ffc284c602021"
"https://t.co/HkSM4uu1oo","Wyszyński","2021-09-13","https://www.polskieradio24.pl/5/1222/Artykul/2803053,Zawsze-myslal-o-innych-Prymas-Stefan-Wyszynski-we-wspomnieniach","1bd027694d7e60e9188cecbcea967cef"
"https://t.co/mqIov1Iu7r","Wyszyński","2021-09-13","https://www.polskieradio24.pl/5/1222/Artykul/2805471,Stefan-Wyszynski-i-Roza-Czacka-sluzyli-ludziom-zwlaszcza-potrzebujacym-Kard-Nycz-przed-niedzielna-beatyfikacja","6c2d93881c44dc53b0c21a51e334ed31"
"https://t.co/LTBOCLIhIf","Wyszyński","2021-09-13","https://niezalezna.pl/410912-oredzie-kardynala-nycza-przed-niedzielna-beatyfikacja-stefan-wyszynski-i-roza-czacka-sluzyli-ludziom","782282f69866bcf23319147c1d489d19"
"https://t.co/NzFbak521g","Wyszyński","2021-09-13","https://wyszynskiprymas.pl/abc-spolecznej-krucjaty-milosci/","6f1cf5141f7d947080fbbc44b28de079"
"https://t.co/qRgmHBQD6k","Wyszyński","2021-09-13","https://naszdziennik.pl/polska-kraj/243249,kardynal-stefan-wyszynski-blogoslawionym.html#.YTztOUx7qcI.twitter","45887e5fd466cb17831da0ad96b936e5"
"https://t.co/n0dHZnaEiL","Wyszyński","2021-09-13","https://www.radiomaryja.pl/informacje/kardynal-wyszynski-a-wolnosc-religijna-w-europie/","0a0ac379b3d2cbec601b591608212b71"
"https://t.co/dUaJVnGKfX","Wyszyński","2021-09-13","https://panorama.tvp.pl/55814861/czym-kard-wyszynski-przeszkadzal-komunistom","b82adbae778e1f5810b1ea17d7361433"
"https://t.co/RvCkJHxCzE","Wyszyński","2021-09-13","https://bit.ly/3hkrezJ","b7662a37b28e4e09dcc8a38d6cc92bd2"
"https://t.co/hxvIuEzk4G","Wyszyński","2021-09-13","https://jp2doc.pl/blogoslawieni-ktorzy-prowadza-innych-do-boga/","4696c813c7a26c556d431e4f9dbe2077"
"https://t.co/71TJtHG0Wu","Wyszyński","2021-09-13","https://ftmag.co/3hjt04q","2b75f4a9e46ceee62da90732012973c0"
"https://t.co/TN8kLCKy1L","Wyszyński","2021-09-13","https://wydarzenia.interia.pl/religia/news-kard-stefan-wyszynski-i-matka-elzbieta-roza-czacka-bog-zlacz,nId,5469909","e90de46a87655f8be22e80e6872e6316"
"https://t.co/FlhrfdzRii","Wyszyński","2021-09-13","https://wpolityce.pl/swiat/565906-skandaliczny-wpis-the-guardianchodzi-o-mecz-polska-anglia","2b4186b52d70373adc2aea6a3d5b5851"
"https://t.co/S3qHyIu2eJ","Wyszyński","2021-09-13","https://www.facebook.com/JPII.Wielki/videos/2837806269813486/","8b995a0c13c5e27d14ac8544d98cb391"
"https://t.co/fShqqilLCx","Wyszyński","2021-09-13","https://www.polskieradio24.pl/39/156/Artykul/1659548,Jasnogorskie-Sluby-Narodu-Polskiego-Prymas-Wyszynski-rzuca-wyzwanie-komunistom","31a839476877690852cf20943417a994"
"https://t.co/n0NZSO7f6v","Wyszyński","2021-09-13","https://wpolityce.pl/kosciol/565848-w-tygodniku-sieci-prymas-wyszynski-na-co-dzien","8b1c699c0520309f21798af209544dec"
"https://t.co/hS5RsGbPKQ","Wyszyński","2021-09-13","https://natemat.pl/","c1b4cf10b0b3367f01b8da1fc70020e7"
"https://t.co/aeRtYS87hf","Wyszyński","2021-09-13","https://youtu.be/1nRuSs2A40o","8bca982528e6da20fd999d5e876d1e02"
"https://t.co/0yx3uo4YVH","Wyszyński","2021-09-13","https://opoka.news/abp-wojciech-polak-kard-wyszynski-swiadkiem-milosci-boga-i-czlowieka","409d43734c36d082a768f2ee31bbb873"
"https://t.co/QJdsMRBFPa","Wyszyński","2021-09-13","https://tinyurl.com/yjyblsgz","afc406e2f208b0ceb052af7a7ee340e5"
"https://t.co/3ejeioOnrJ","Wyszyński","2021-09-13","https://www.radiomaryja.pl/informacje/uksw-dzis-odbedzie-sie-konferencja-stefan-kardynal-wyszynski-a-wolnosc-religijna-w-europie/","2683dd47d70fc159d25c38cb4013d4a3"
"https://t.co/wtRYdb34Qn","Wyszyński","2021-09-13","https://tinyurl.com/yg7e7ypc","21553389f7f0b93b6e9533c80484e524"
"https://t.co/Sh158010vK","Wyszyński","2021-09-13","https://www.salon24.pl/u/tomciapaluch/483783,stefan-wyszynski-pomylka-tysiaclecia","4f069b7b9a5b6334a6d2a24938bef9b5"
"https://t.co/YhkPPz5anF","Wyszyński","2021-09-13","https://dorzeczy.pl/opinie/199420/dr-wyszynski-o-zapad-21-koncentracja-wojsk-po-obu-stronach-powoduje-napiecia.html","22c450065394bfe38687a1715693e51c"
"https://t.co/GQqLVolRk4","Wyszyński","2021-09-13","https://www.exaudi.org/cardinal-wyszynski-and-the-jews/","90c69897e1367c11f00151a04ddf8caa"
"https://t.co/LTHAy4rPDk","Wyszyński","2021-09-13","https://www.niedziela.pl/artykul/71870/Transmisje-online-beatyfikacji","666cc0b8bbe5cf0a4c06081a09d9ab0c"
"https://t.co/JRjDAfvLw8","Wyszyński","2021-09-13","https://wydarzenia.interia.pl/felietony/zaremba/news-kardynal-stefan-wyszynski-kontrowersyjny-ale-wybitny,nId,5473763","3db099e8a60377c21ba22d5f7e11df6c"
"https://t.co/xn5ExyRaKR","Wyszyński","2021-09-13","https://capitalbook.com.pl/pl/p/PRZEDSPRZEDAZ-Blogoslawiony-kardynal-Stefan-Wyszynski.-Tysiac-mysli-Prymasa-Tysiaclecia-red.-Konrad-Smuniewski-/4691","5c1c8865dc1eda259fb0fde79e3babe0"
"https://t.co/2BgPCGmVKN","Wyszyński","2021-09-13","https://bit.ly/3z1wsGH","9d37445274c4c5d84024ec2c32d55a6b"
"https://t.co/WS6SeOysk6","Wyszyński","2021-09-13","https://www.vaticannews.va/pl/kosciol/news/2021-09/abp-polak-kard-wyszynski-swiadkiem-milosci-boga-i-czlowieka.html","c1137e35b904328cf2eaa48901edb173"
"https://t.co/tREZVujGGw","Wyszyński","2021-09-13","https://polskieradio24.pl/5/1222/Artykul/2803357,Kardynal-Stefan-Wyszynski-idol-trzech-pokolen-Ogladaj-debate-TRANSMISJA","6176506d2dfaf2269ce0e7cea260ca58"
"https://t.co/g8VNCly8XL","Wyszyński","2021-09-13","https://naszdziennik.pl/polska-kraj/243215,ipn-prymas-wyszynski-blizej-nas.html#.YTuX-Fh_r-c.twitter","b7dfb881a555c36e3f668b6ca294ecfc"
"https://t.co/G3ahJslpz4","Wyszyński","2021-09-13","https://www.radiomaryja.pl/informacje/senat-uczcil-prymasa-tysiaclecia-ks-kard-stefana-wyszynskiego-w-zwiazku-z-jego-beatyfikacja/","cbdc68f50bac7d479a4afc56edf764e1"
"https://t.co/1wL51t4uFO","Wyszyński","2021-09-13","https://wpolityce.pl/spoleczenstwo/565860-minister-czarnek-wspomina-prymasa-tysiaclecia","fedbca95e6b7b4367f724fd86e86d7d4"
"https://t.co/EYrx7mcxVw","Wyszyński","2021-09-13","https://wiez.pl/2021/09/09/kard-wyszynski-do-jana-pawla-ii-trzeba-przerobic-naszych-kardynalow-i-biskupow-na-pasterzy/","9b4206df21bb61b4ad1f4844a56f673f"
"https://t.co/DVQD8tvjyw","Wyszyński","2021-09-13","https://tinyurl.com/yfr2qt96","52d65d1fcd125b4c5411ed4fbf49bbc7"
"https://t.co/47dAtzzyJc","Wyszyński","2021-09-13","https://www.tvp.info/55795339/donald-tusk-w-tvn24-apeluje-by-nie-karac-polski-dwa-zapomniane-wystapienia-szefa-po-z-2016-i-2017-roku-gdy-byl-szefem-re","7c582efaaa044420a25ff1e993290d49"
"https://t.co/vQSglgSABm","Wyszyński","2021-09-13","https://youtu.be/igO3NvsH7M4","9d6b9a8106a6a7120ef24908866208c4"
"https://t.co/OOUq9WJ4U6","Wyszyński","2021-09-13","https://www.gosc.pl/doc/7093197.Bp-Mizinski-Kard-Wyszynski-pragnal-aby-Polacy-wspierali-sie-w","94f3d2f084b18f9782386c4cdfe37539"
"https://t.co/dkahNeOqLU","Wyszyński","2021-09-13","https://www.gosc.pl/doc/7094379.Abp-Polak-Kard-Wyszynski-swiadkiem-milosci-Boga-i-czlowieka","efd335d03d3f356bfaa8db9438b1bbc3"
"https://t.co/kKMZZXuvtO","Wyszyński","2021-09-13","https://www.acidigital.com/noticias/futuro-beato-cardeal-wyszynski-foi-grande-defensor-dos-judeus-49241?fbclid=IwAR0IxPjZnyvxG86M3Y3BnOnfqi_a_oQpaw3D2OWU0p0ZeviBuIMoWp2EFYA","d43dbfbc92709cedd289e3b132e90cf9"
"https://t.co/HqB08v1ybO","Wyszyński","2021-09-13","https://soundcloud.com/jp2doc/kard-stefan-wyszynski-swiety-i-prorok","a984b0454e0ada20c9c690b0fd990316"
"https://t.co/oe8ctgY8Sw","Wyszyński","2021-09-13","https://tenetetraditiones.blogspot.com/2021/09/wyszynski-biskup-czerwonych-komunistow.html?spref=tw","1497b885afcb299e746674b204b59070"
"https://t.co/EIgzHzfOrC","Wyszyński","2021-09-13","https://www.youtube.com/watch?v=vEq4kiD20iA","176780eda149d99f5d645bd918a54884"
"https://t.co/c5FGN1eo5R","Wyszyński","2021-09-13","https://a.msn.com/0E/pl-pl/AAOhKLW?ocid=st","cb57f3741b893ce1e7b569c482ff8fd5"
"https://t.co/ypBbTJpoxu","Wyszyński","2021-09-13","https://youtu.be/i7YBOQY3vlI","17bf254fabb600763ee7d62088405758"
"https://t.co/DG3p0wRpWE","Wyszyński","2021-09-13","https://www.radiomaryja.pl/multimedia/rozmowy-niedokonczone-beatyfikacja-kardynala-stefana-wyszynskiego-i-matki-elzbiety-czackiej-cz-ii/","bdde415c30356c93cd45885d96c13060"
"https://t.co/QruuMPuwPv","Wyszyński","2021-09-13","https://wgospodarce.pl/informacje/101101-pkn-orlen-zbuduje-instalacje-przetwarzania-smieci-w-plocku","6a1cb45436c3f0aa63e7904dfac7e89d"
"https://t.co/IM2CWKjEwQ","Wyszyński","2021-09-13","https://dorzeczy.pl/religia/197724/czy-prymas-wyszynski-byl-antykomunista.html","f844474c1c644cf7e6e8d167b86e19b8"
"https://t.co/cJYvlZ9BhI","Wyszyński","2021-09-13","https://www.exaudi.org/cardinal-wyszynski-dignity-of-every-human-being/","9795f08302b5c1daa05e25b3d2337396"
"https://t.co/P0m0DfyRjC","Wyszyński","2021-09-13","https://www.radiomaryja.pl/informacje/ks-kard-stefan-wyszynski-a-zydzi-sprzeciw-wobec-antysemityzmu-w-czasie-dwoch-totalitaryzmow/","982223f51347049618ee0467dccff991"
"https://t.co/ZtPIzWYqPK","Wyszyński","2021-09-13","https://polskieradio24.pl/5/1222/Artykul/2803357,Kardynal-Stefan-Wyszynski-idol-trzech-pokolen-W-piatek-debata-poswiecona-prymasowi?fbclid=IwAR1F64O0IjtWB16NbvS0JB0xYG3EaNnbohbqhTdA1bg3pa-rr96vL6XYpN8","e32833f6df3e71a0d41b77711f5bd643"
"https://t.co/8PSSiqplch","Wyszyński","2021-09-13","https://www.radiomaryja.pl/informacje/olsztyn-ipn-zaprezentowal-wystawe-o-kardynale-stefanie-wyszynskim/","8a1cfb713c644f3e2f3335c031db8667"
"https://t.co/aPMC7ukC2t","Wyszyński","2021-09-13","https://www.acidigital.com/noticias/futuro-beato-cardeal-wyszynski-foi-grande-defensor-dos-judeus-49241/","5a62e65f45ed07ced7e50310432a3a94"
"https://t.co/hJXzOszCyK","Wyszyński","2021-09-13","https://isap.sejm.gov.pl/isap.nsf/DocDetails.xsp?id=WMP20200001156","293eb5dc41107644dba61f156081240d"
"https://t.co/vuKnBe0sL2","Wyszyński","2021-09-13","https://www.radiomaryja.pl/multimedia/rozmowy-niedokonczone-beatyfikacja-kardynala-stefana-wyszynskiego-i-matki-elzbiety-czackiej-cz-i/","99007957de3e2f140d0d7ea837aa94e7"
"https://t.co/hWxqoCqDY4","Wyszyński","2021-09-13","https://olsztyn.tvp.pl/55781974/zycie-i-nauka-prymasa-tysiaclecia-wystawa-w-urzedzie-wojewodzkim","014107faee01f3cc0f401d8103e48c5c"
"https://t.co/Y1WcVSYL9X","Wyszyński","2021-09-13","https://youtu.be/MbCwxYVkWBA","a7396e6a42d1b078d6185009e34acd80"
"https://t.co/Ay9ECtsA7O","Wyszyński","2021-09-13","https://www.firstthings.com/web-exclusives/2021/09/a-true-shepherd","8bd87a0826d40ca59a26b57301ebaade"
"https://t.co/yR1FMqOQ2n","Wyszyński","2021-09-13","https://dlvr.it/S7FjnF","33bb94cea35155c1d69d045a58308e5a"
"https://t.co/4N92ZVKz7d","Wyszyński","2021-09-13","https://bit.ly/3tq1Z49","e7f74abeab48585ce57aa349c5c081d0"
"https://t.co/32duzcxDjY","Wyszyński","2021-09-13","https://stacja7.pl/kardynal-stefan-wyszynski/kardynal-wyszynski-jakiego-nie-znaliscie-zobaczcie-te-urocze-fotografie-prymasa/","d974aca24a557d411fffff65037a7e0b"
"https://t.co/9xZrAO3tIu","Wyszyński","2021-09-13","https://ift.tt/3l6UzPx","96df5404364074b7477f8334deb36036"
"https://t.co/C0ucy4lly7","Wyszyński","2021-09-13","https://jp2doc.pl/wyszynski-polski-tomasz-becket/","b7183d876b6cbe506f262cb3c80443fd"
"https://t.co/l3Wx5wAkj2","Wyszyński","2021-09-13","https://ift.tt/2X1CXfA","3abfadde52fb8648d2a7e07277989fd1"
"https://t.co/5X2AnEJion","Wyszyński","2021-09-13","https://www.radiomaryja.pl/kosciol/zapomniane-zrodlo-maryjnosci-sw-jana-pawla-ii-i-ks-kard-stefana-wyszynskiego/","dabab172f911d513234fd40594fa7498"
"https://t.co/AHIPVrhKEp","Wyszyński","2021-09-13","https://www.tvp.info/55760432/wpadka-korespondenta-rmf-podal-informacje-ktora-sprostowala-kancelaria-prezydenta-dudy","a129cb2ef5b285630bdf966026ec6261"
"https://t.co/VqKkh2Cc3O","Wyszyński","2021-09-13","https://www.tvp.info/55759776/fake-newsy-na-temat-polskiego-ladu-czego-dotycza","c2748860acc5a161f2bdc0bcf4e6a2e3"
"https://t.co/LqcUPqlKGE","Wyszyński","2021-09-13","https://sportowefakty.wp.pl/pilka-nozna/relacja/113669/polska-anglia","a536c2b4a64912a8e99ffff38bee6c9c"
"https://t.co/mrtj0qQOrz","Wyszyński","2021-09-13","https://www.tvp.info/55751976/oburzenie-w-holandii-cora-van-nieuwenhuizen-zrezygnowala-z-ministerialnej-posady-i-zostala-lobbystka-min-koncernow-shell-i-gazprom-ile-bedzie-zarabiac-szokujace-kwoty","12290aaaf9809b42742b29ebc1ec794c"
"https://t.co/CObV2u6pUl","Wyszyński","2021-09-13","https://naszdziennik.pl/wiara-kosciol-w-polsce/243088,kardynal-stefan-wyszynski-i-sw-jan-pawel-ii.html#.YTkOP6EVOac.twitter","1e4dd6e3907b7fd9a598e6d4c4c79559"
"https://t.co/XuOi45LO2d","Wyszyński","2021-09-13","https://youtu.be/UYaY5jMywWg","30f5688e17e1e284a90bfe48f88ab717"
"https://t.co/uDdY6NLzvY","Wyszyński","2021-09-13","https://youtu.be/JZHcmIDjqzA","78a284a4dbd4a121a2437176325083f8"
"https://t.co/bHUq4jdzEj","Wyszyński","2021-09-13","https://youtu.be/lIFNy2gEHCQ","53bdf3ed1dce52256cfdad5a6b7903ed"
"https://t.co/VqsfR69QEq","Wyszyński","2021-09-13","https://youtu.be/4nrCs1iRVds","bb28f95518126152e6c3ee5ffa7ee55b"
"https://t.co/K3NXm06vDb","Wyszyński","2021-09-13","https://youtu.be/kq5RzC8-J2k","7b79b95baff8a9dcdabae30ec4f6eb0a"
"https://t.co/mqI14A51Rv","Wyszyński","2021-09-13","https://youtu.be/7p-vv-v6t7s","89b80b5b5a2f2811a792b8dc127c8146"
"https://t.co/koCwGT45yl","Wyszyński","2021-09-13","https://dlvr.it/S7BGBq","15f35b48011a0467908ee33c91c20498"
"https://t.co/ZtRKj7lbCr","Wyszyński","2021-09-13","https://dlvr.it/S7BG78","6c12f8b65d4ca012548e7237970a00c1"
"https://t.co/4zPxceI4pF","Wyszyński","2021-09-13","https://youtu.be/njqHn4Nt-jI","6319785ad30e8a765f3d612f1b220759"
"https://t.co/uCviYTbRXh","Wyszyński","2021-09-13","https://youtu.be/s7be1JCeTqE","7dd0ad6de0a1943a90362a860abc4aca"
"https://t.co/CwE7YTtOGL","Wyszyński","2021-09-13","https://youtu.be/0fyXN1V4e_c","4a0b6fa3fc30e8951057e5995221d9a2"
"https://t.co/Hf9Tyjwtkl","Wyszyński","2021-09-13","https://youtu.be/RX5Oec33AaY","75c7f9385a723764f67b1f98474b29ee"
"https://t.co/KHsFNTmkn1","Wyszyński","2021-09-13","https://youtu.be/3oAh6WL-gOQ","b034b344c5ebfdc3a4ed74cb6913be3d"
"https://t.co/utJlvkzm6V","Wyszyński","2021-09-13","https://youtu.be/MJx8LcJ2_cY","e27779bc823790cad53283f1aed14c5f"
"https://t.co/2rWCDSlQot","Wyszyński","2021-09-13","https://www.rp.pl/opinie-prawne/art18460701-mariusz-muszynski-jak-zabrac-pieniadze-unii","03b168497afb9e74077322727b87f807"
"https://t.co/cMg0IzRJXc","Wyszyński","2021-09-13","https://youtu.be/mra35xFZ-28","6b32c9547ccc27763792c131512205ce"
"https://t.co/IZD1RqiqKj","Wyszyński","2021-09-13","https://youtu.be/ipCxscX8TFs","19080ee4d1259975bf420f141c001d0b"
"https://t.co/rlpxKqbVSb","Wyszyński","2021-09-13","https://youtu.be/YQdBcLU_Qdo","ae7a60bf65148fcf3500a75dbcccd015"
"https://t.co/C1P2TNyqoI","Wyszyński","2021-09-13","https://youtu.be/lLuwHpHDhl0","fd9a8b917d1ffa80743627bac6966d1f"
"https://t.co/y2QEEuMk5s","Wyszyński","2021-09-13","https://youtu.be/2rfysVIGbP8","aa7314d59957c8aa84dc0bb9683be086"
"https://t.co/uj0ujHazLp","Wyszyński","2021-09-13","https://bit.ly/2VoauzY","6c2baa406e1677855bdd78d2694b6cd3"
"https://t.co/ufkggRe7pf","Wyszyński","2021-09-13","https://youtu.be/7oRsfDpfk7k","64cd221497e130a793d7fbc26e67247c"
"https://t.co/F4dk8WHEEO","Wyszyński","2021-09-13","https://wpolityce.pl/polityka/565516-ue-uderza-w-polske-prof-legutko-to-pogarda-dla-prawa","c36cc297ae2114056ab6dbdc435d5e4b"
"https://t.co/fiN44lvJI0","Wyszyński","2021-09-13","https://www.gosc.pl/doc/7090659.Kardynal-Wyszynski-a-Zydzi","03fb8755827bf3eea7f83238af372d3e"
"https://t.co/4N9RMT2vUJ","Wyszyński","2021-09-13","https://www.polskieradio24.pl/5/1222/Artykul/2803129,Kard-Wyszynski-byl-czlowiekiem-wolnosci-Rekolekcje-przed-beatyfikacja-Prymasa-Tysiaclecia","86a7437c3944e045f46fd192d7fec919"
"https://t.co/PC3is4BW8d","Wyszyński","2021-09-13","https://www.ekai.pl/kardynal-wyszynski-a-zydzi-sprzeciw-wobec-antysemityzmu-w-czasie-dwoch-totalitaryzmow/","eff66017eabd1461e9d764c89622b97f"
"https://t.co/XR92h8abnd","Wyszyński","2021-09-13","https://wydarzenia.interia.pl/religia/news-kardynal-stefan-wyszynski-beatyfikowany-papiez-franciszek-ni,nId,5469606","bc9d3cbe16d7a831e9f59a7d567e29bd"
"https://t.co/ws0kfPuD8a","Wyszyński","2021-09-13","https://bit.ly/3tlB89k","d3bbd7425b6ee88074d0ceadc709edbc"
"https://t.co/efWSKDaUDH","Wyszyński","2021-09-13","https://ojciecwolnychludzi.stacja7.pl/","dc62b34f7646c452aee88f7204151078"
"https://t.co/VtR39cC7xX","Wyszyński","2021-09-13","https://ift.tt/3jPSTdu","0acd86ffeea534210e4fc38327ba792d"
"https://t.co/XPeKjwbrLi","Wyszyński","2021-09-13","https://opoka.news/film-wyszynski-zemsta-czy-przebaczenie-wkrotce-w-kinach","9a17bcee7244d1092bbb0149128c4808"
"https://t.co/rVazftxgbk","Wyszyński","2021-09-13","https://www.niedziela.pl/artykul/71827/","2bf1be5b9c20133458893a7aad792a16"
"https://t.co/fGMerhrxXN","Wyszyński","2021-09-13","https://info.wiara.pl/doc/7088852.Kardynal-Wyszynski-i-tajne-swiecenia","fa58b97e74c6ff417fada3dc3810783a"
"https://t.co/odkHZoJULq","Wyszyński","2021-09-13","https://www.lancasterdiocese.org.uk/miracle-recipients-to-attend-beatification-of-cardinal-wyszynski-and-mother-czacka/","dc9a8f467d2eb46712adff6d2cf520ca"
"https://t.co/TbBuxT1UJk","Wyszyński","2021-09-13","https://www.tvp.info/55740485/komisja-europejska-chce-kar-dla-polski-za-niewykonanie-wyroku-tsue-mocne-komentarze-politykow-pis-i-opozycji","43d15505571923dd0b9c3b1e1425e49d"
"https://t.co/Cc5es7wRok","Wyszyński","2021-09-13","https://youtu.be/nhrbWqQ4DHk","28aba48f9f92f73078444d99c348340b"
"https://t.co/q1WPPpxcUd","Wyszyński","2021-09-13","https://www.onet.pl/informacje/onetwiadomosci/kard-wyszynski-a-zydzi-sprzeciw-wobec-antysemityzmu/9qhd6f2,79cfc278","0e7f52dbb6a61a30cb515267a5536fa3"
"https://t.co/8iUU6PLxo9","Wyszyński","2021-09-13","https://wiadomosci.onet.pl/religia/aktualnosci/kard-wyszynski-a-zydzi-sprzeciw-wobec-antysemityzmu/9qhd6f2?utm_source=wiadomosci.onet.pl_viasg_wiadomosci&utm_medium=referal&utm_campaign=leo_automatic&srcc=ucs&utm_v=2","fe3a7be7f0a31d5b32115caccbdc564e"
"https://t.co/cUbAfFQmkE","Wyszyński","2021-09-13","https://dlvr.it/S75z3g","5205c4f44edcdad1a66b557f0a4863e4"
"https://t.co/fdxSWXVTCZ","Wyszyński","2021-09-13","https://lavsdeo.eu/oracion-al-cardenal-stefanie-wyszynski/","252640a6cff3addf82f4c709377fc296"
"https://t.co/DNhyDDV6mb","Wyszyński","2021-09-13","https://www.tysol.pl/a71329-Prymas-Wyszynski-uwazal-ze-prawo-do-zycia-to-podstawowe-prawo-czlowieka#.YTcEbbDM47g.twitter","dea1b68394e921ba971cafe230267794"
"https://t.co/F99AtG462A","Wyszyński","2021-09-13","https://dorzeczy.pl/198306","495f058aad70287fe4055e4e975601a3"
"https://t.co/9aF8g6D5Si","Wyszyński","2021-09-13","https://www.heraldmalaysia.com/news/miracle-recipients-to-attend-beatification-of-cardinal-wyszynski-and-mother-czacka/61567/1","86706103581dcd03f615c786aa0f59d4"
"https://t.co/uDFQ6Fd2Rp","Wyszyński","2021-09-13","https://youtu.be/vEq4kiD20iA","60f564ce837561b0eec322d8c4613f50"
"https://t.co/dVRdBEVF6j","Wyszyński","2021-09-13","https://www.niedziela.pl/artykul/71784/Stefan-Kardynal-Wyszynski---Troskliwy","fb2e71154f0f177ed5a86c53557447c0"
"https://t.co/DNsm71ZOSG","Wyszyński","2021-09-13","https://misyjne.pl/prymas-wyszynski-do-nikogo-nie-mam-w-sercu-niecheci-nienawisci-czy-ducha-odwetu","5326924eab8e5034346502045fe3f71c"
"https://t.co/KO4nphQoDx","Wyszyński","2021-09-13","https://www.polishnews.co.uk/warsaw-the-bust-of-cardinal-stefan-wyszynski-was-unveiled/","4741e25a85b1aeed104b55c7971c5d1a"
"https://t.co/eG0JfPMado","Wyszyński","2021-09-13","https://feedproxy.google.com/~r/catholicnewsagency/dailynews/~3/5H1xiOGl_uc/miracle-recipients-to-attend-beatification-of-cardinal-wyszynski-and-mother-czacka","8e78fab1eef3e9d74582b3e93f25eeb4"
"https://t.co/rRQM1Or7M3","Wyszyński","2021-09-13","https://tdpelmedia.com/miracle-recipients-to-attend-beatification-of-cardinal-wyszynski-and-mother-czacka","e73ab0a16c65259ada46ce4ff791c544"
"https://t.co/5LevHa6A5u","Wyszyński","2021-09-13","https://gloswielkopolski.pl/27-grudnia-bedzie-swietem-panstwowym-andrzej-duda-podjal-wazna-decyzje-dla-wielkopolski/ar/c1-15789310","c244545fe68a0553052a3f5eacf691ac"
"https://t.co/QM84L3d8fX","Wyszyński","2021-09-13","https://www.tysol.pl/a71306-Walesa-Wszystkie-moje-przegrane-procesy-sadowe-musza-byc-w-normalnych-warunkach-powtorzone#.YTYKh3AeS0M.twitter","fd3760fcbf6a88b20c27650755dc042a"
"https://t.co/hNFk8Pc6o1","Wyszyński","2021-09-13","https://www.mariologiapopular.com/2021/09/list-biskupow-polskich-z-okazji.html?spref=tw","32a1510158eff6a24c5e6999185b51e5"
"https://t.co/OW2Id6gOls","Wyszyński","2021-09-13","https://www.ekai.pl/prezydent-rp-kard-wyszynski-to-patron-na-trudne-czasy/","c0b74d7021241d1dccf886fe86d83a42"
"https://t.co/EiKfke5JPI","Wyszyński","2021-09-13","https://www.onet.pl/informacje/onetwroclaw/wroclaw-lukasz-lagiewka-zmarl-po-interwencji-policji-opowiem-co-mu-zrobili/g7qb537,79cfc278","7d94ddbc52d4dafe76a138f21df49707"
"https://t.co/9dwGrjscZy","Wyszyński","2021-09-13","https://www.radiomaryja.pl/informacje/wegry-wystawa-o-ks-kard-s-wyszynskim-z-okazji-120-rocznicy-jego-urodzin/","999d1cc7cbbb784b8b7972e2c653bea1"
"https://t.co/BNPuZpRaWY","Wyszyński","2021-09-13","https://www.polacywewloszech.com/2021/09/06/rzym-otwarcie-wystawy-pt-stefan-kardynal-wyszynski-ojciec-i-pasterz/","36bc7d7150404a470345297d83f68433"
"https://t.co/zsdCeq2EoE","Wyszyński","2021-09-13","https://niezalezna.pl/410243-wyszynski-wraca-gdy-go-potrzebujemy","093e0ef29a0e6cffbda22dbc7cb71cae"
"https://t.co/b4ChZbc6cq","Wyszyński","2021-09-13","https://trimarium.pl/en/prof-zurawski-vel-grajewski-what-does-fried-mosbacher-and-brzezinskis-text-actually-tell-us/","6c960679d0919719b3b98d23e0f4bef8"
"https://t.co/sPlCHwrhg7","Wyszyński","2021-09-13","https://bit.ly/3jOR6Wq","5de99fb7b0083a8ecc100d02fa085bc9"
"https://t.co/V6tGuVdLg7","Wyszyński","2021-09-13","https://flic.kr/p/2mm4zYo","f8e814d95c9b1fcd1d2d487208fc78a2"
"https://t.co/LnmsiJBjpA","Wyszyński","2021-09-13","https://www.tvp.info/55697774/onz-wie-o-stanie-wyjatkowym-na-granicy-z-bialorusia","bc93000e7bc8d0d3c75b36d922581596"
"https://t.co/5kVncn8xM8","Wyszyński","2021-09-13","https://www.tvp.info/55707300/petar-petrovic-dezinformacja-agresja-zastraszanie-scenariusz-zapad-2021-wzbudza-niepokoj","e2b50cd9025c9e557859582b66cafaf4"
"https://t.co/4bTn4xd3qZ","Wyszyński","2021-09-13","https://dlvr.it/S6zzbV","a7c0364f0ee45d891397c786c83b752c"
"https://t.co/6GNulpwRlM","Wyszyński","2021-09-13","https://dlvr.it/S6zzb8","4363c0649d8ecf1bf6dc35766488b7ee"
"https://t.co/KCZjuDkLbY","Wyszyński","2021-09-13","https://a.msn.com/01/pl-pl/AAO7EZw?ocid=st","c1c97a7eac6d6eb7df70a72ecfce0323"
"https://t.co/R60jtSan8M","Wyszyński","2021-09-13","https://radioszczecin.pl/1,428404,trwa-duchowe-przygotowanie-do-beatyfikacji-pryma","36b4c5b9bb542884a2f21d4d1b45b3bf"
